67333,998.30,13.96,995.80,13.42,2.1775,-2.9449,-9.4643,3.1,0.2,1.9,-50.1,-86.1,153.3,2.87,6.70,0.00,78818932,12615881,,10,,,,,,,,4.66,1.80,4.30*16
67353,997.90,13.96,996.40,13.42,2.1260,-2.9832,-9.4259,3.5,0.7,1.7,-45.3,-81.3,147.9,-1.92,3.35,2.39,78818932,12615881,4.30*17,,$GV,3,1,
67373,997.80,13.96,996.90,13.42,2.1440,-2.9892,-9.4044,4.8,0.8,0.4,-38.1,-90.9,152.1,-7.18,-0.48,17.24,78818932,12615881,10,01,56,2231,
67393,998.70,13.96,997.30,13.42,2.1476,-3.0670,-9.3769,5.5,1.5,0.4,-45.3,-95.7,145.5,-0.48,5.27,2.87,78818932,12615881,03,,,19,10,26,7,39,
67413,998.30,13.96,996.80,13.42,2.1667,-3.1077,-9.3469,5.6,1.8,0.6,-38.1,-86.1,152.7,-0.48,-1.44,12.93,78818932,12615881,14,28,274,40D,7
67433,1000.20,13.96,996.70,13.42,2.1775,-3.1017,-9.2931,5.0,2.0,0.4,-45.3,-93.3,146.1,-3.83,9.58,0.48,78818932,12615881,$GPGSV,3,2,10,36,30
67453,999.20,13.96,997.30,13.42,2.1823,-3.0813,-9.3003,4.2,1.0,0.4,-38.1,-93.3,152.1,-5.27,-2.39,9.58,78818932,12615881,1,38,21,56,,32,2
67473,998.10,13.96,997.10,13.42,2.1955,-3.0502,-9.2380,3.9,-0.7,0.0,-28.5,-90.9,141.3,0.00,-2.39,-1.44,78818932,12615881,2,,,23,24,,,*7B2
67493,998.80,13.96,997.60,13.42,2.1608,-3.0239,-9.2189,4.2,-2.3,-0.3,-26.1,-81.3,143.1,-0.48,-11.97,0.00,78818932,12615881,$GPGSV,3,3,128,
67513,999.00,13.96,997.20,13.42,2.1464,-2.9796,-9.1123,4.9,-2.1,-0.2,-45.3,-95.7,141.9,-0.48,-3.83,11.01,78818932,12615881,,,40,32,,,40*7,$GLGS
67533,998.30,13.96,997.30,13.42,2.0255,-2.9030,-9.0405,5.0,-2.0,-0.7,-33.3,-98.1,146.7,3.35,-0.96,11.01,78818932,12615881,V,1,1,03,68,04
67553,998.80,13.96,997.60,13.42,2.0147,-2.9149,-8.9495,3.9,-1.6,-0.6,-28.5,-71.7,144.9,-0.48,-2.87,4.31,78818932,12615881,2,30,78,22,046,,,,
67573,999.10,13.96,996.90,13.42,1.9357,-2.7976,-8.9220,2.0,1.3,-2.3,-26.1,-105.3,141.3,1.44,-9.10,0.00,78818932,12615881,34*6978$GNGL7849.
67593,999.00,13.96,997.30,13.42,2.0075,-2.5211,-9.0740,-0.0,-0.2,-5.8,-33.3,-100.5,149.7,4.79,-4.79,-14.84,78818932,12615881,13593,N,0123952
67613,998.90,13.96,996.70,13.42,2.0650,-2.3343,-9.3026,-0.5,-8.8,-9.0,-33.3,-100.5,148.5,1.92,4.79,9.10,78818932,12615881,88,E,132105.00A*74
67633,999.40,13.96,997.20,13.42,1.9154,-2.3032,-9.4068,1.8,-16.5,-10.6,-26.1,-112.5,143.1,1.92,-6.22,12.93,78818932,12615881,
67653,998.60,13.96,997.50,13.42,1.6484,-2.4169,-9.4295,1.9,-20.2,-11.4,-28.5,-105.3,146.1,2.87,-8.14,0.48,78818932,12615881,
67673,999.50,13.96,997.00,13.42,1.4042,-2.6444,-9.2320,-1.0,-19.7,-12.1,-14.1,-98.1,141.9,8.14,-6.22,-12.45,78818932,12615881,
67693,998.80,13.96,997.10,13.42,1.3946,-2.6743,-9.3362,-4.6,-14.7,-13.7,2.7,-114.9,141.9,1.92,-7.18,-1.44,78818932,12615881,
67713,999.90,13.96,997.10,13.42,1.5155,-2.4265,-9.3936,-6.0,-15.4,-18.3,-4.5,-112.5,152.7,5.27,-4.31,1.92,78818932,12615881,
67733,999.70,13.96,996.70,13.42,1.5251,-2.5666,-9.5181,-5.6,-16.8,-22.7,0.3,-114.9,147.9,6.22,-8.62,9.58,78818932,12615881,
67753,999.70,13.96,997.00,13.42,1.4305,-2.5797,-9.4607,-5.2,-18.6,-24.3,2.7,-114.9,147.9,0.96,1.92,20.11,78818932,12615881,
67773,999.80,13.96,997.60,13.42,1.4222,-2.7282,-9.4750,-4.3,-18.6,-24.5,9.9,-126.9,147.3,0.96,3.83,-1.92,78818932,12615881,
67793,999.90,13.96,996.80,13.42,1.3982,-2.8192,-9.4188,-3.2,-15.1,-23.9,45.9,-122.1,146.7,-3.35,4.79,-10.06,78818932,12615881,
67813,999.40,13.96,997.50,13.42,1.4389,-2.9113,-9.3948,-2.2,-11.0,-23.0,67.5,-124.5,151.5,4.79,-5.27,8.14,78818932,12615881,
67833,998.70,13.96,997.50,13.42,1.5634,-2.9508,-9.4559,-1.2,-9.0,-23.4,77.1,-98.1,147.3,-3.83,-0.48,1.92,78818932,12615881,
67853,999.50,13.96,997.70,13.42,1.7083,-3.1460,-9.6271,-0.1,-9.1,-24.0,72.3,-102.9,156.3,-2.39,-4.31,4.31,78818932,12615881,
67873,999.70,13.96,997.30,13.42,1.8854,-3.0993,-9.9012,0.5,-16.1,-23.3,96.3,-71.7,154.5,-0.48,1.92,0.00,78818932,12615881,
67893,999.00,13.96,997.60,13.42,1.9154,-3.3100,-10.0197,0.8,-21.0,-21.7,98.7,-66.9,157.5,4.31,-6.70,2.87,78818932,12615881,
67913,999.80,13.96,997.80,13.42,1.8663,-3.4261,-9.9527,2.5,-22.6,-19.1,108.3,-57.3,155.1,-0.48,-6.22,6.22,78818932,12615881,
67933,998.40,13.96,997.20,13.42,1.8136,-3.6248,-9.8485,4.7,-18.3,-14.0,101.1,-33.3,156.3,-0.96,-1.92,-5.75,78818932,12615881,
67953,1000.60,13.96,997.20,13.42,1.8088,-3.4967,-9.6019,6.7,-12.0,-10.1,98.7,-30.9,163.5,-1.92,-2.87,-7.18,78818932,12615881,
67973,999.60,13.96,997.60,13.42,1.8471,-3.5302,-9.5337,9.3,-8.4,-8.6,98.7,-16.5,160.5,-0.48,-3.83,12.45,78818932,12615881,
67993,1000.50,13.96,997.30,13.42,1.8579,-3.5171,-9.3098,9.3,-8.6,-6.1,105.9,0.3,147.9,0.96,5.75,1.44,78818932,12615881,
68013,999.00,13.96,997.60,13.42,1.7047,-3.4572,-9.1698,6.3,-9.7,-3.5,110.7,-4.5,155.7,-3.83,0.96,-3.83,78818932,12615881,
68033,998.60,13.96,997.20,13.42,1.4497,-3.2932,-9.1063,1.4,-11.0,-2.5,115.5,0.3,158.1,-2.39,3.83,0.48,78818932,12615881,
68053,999.20,13.96,997.50,13.42,1.3108,-3.0167,-8.9950,-2.2,-3.8,-3.1,117.9,2.7,148.5,4.79,5.27,10.06,78818932,12615881,$GNRMC,
68073,998.70,13.96,998.00,13.42,1.4868,-2.7533,-9.0237,-2.0,4.8,-2.0,110.7,17.1,159.3,2.39,-3.35,3.35,78818932,12615881,132106.00,A,9.135
68093,999.20,13.96,997.20,13.42,1.6532,-2.7234,-9.1363,-0.4,7.1,0.3,113.1,9.9,159.9,-2.87,7.66,-4.79,78818932,12615881,93,N,01236.87,
68113,999.00,13.96,997.00,13.42,1.6783,-2.7593,-9.1231,-1.0,3.3,1.5,105.9,5.1,162.3,0.96,-0.48,0.96,78818932,12615881,E,0.054,,2107,,A*6
68133,1000.00,13.96,997.10,13.42,1.7729,-3.0322,-8.8956,-3.0,1.1,1.1,113.1,12.3,156.3,-1.92,-4.79,-6.22,78818932,12615881,7,0$GNVTG,,TM,0
68153,999.20,13.96,997.30,13.42,1.9585,-3.1891,-8.5425,-6.5,7.9,4.2,113.1,7.5,154.5,-2.87,-0.48,1.92,78818932,12615881,.054,N,0.100,K*3D6
68173,1000.00,13.96,997.50,13.42,2.0195,-3.0741,-8.3306,-10.3,18.5,9.9,108.3,21.9,159.3,3.83,-6.22,7.66,78818932,12615881,$GNGGA,132100,784
68193,999.50,13.96,997.90,13.42,2.0710,-2.8706,-8.2875,-12.5,22.1,11.5,113.1,-6.9,158.7,-5.75,-5.75,-5.75,78818932,12615881,9.13593,N,06.9
68213,998.90,13.96,996.70,13.42,1.9836,-2.8228,-8.3234,-14.3,20.8,10.7,115.5,14.7,163.5,-4.31,-0.48,7.66,78818932,12615881,5287,E,1,07,1.,198.
68233,999.10,13.96,997.40,13.42,1.7154,-2.8910,-8.3426,-19.6,19.3,8.5,113.1,5.1,163.5,-3.35,-0.96,-4.31,78818932,12615881,3,M,34.3,M,,4.,
68253,1000.00,13.96,997.00,13.42,1.4437,-2.8874,-8.5305,-26.0,22.4,8.4,108.3,-2.1,163.5,1.44,-0.48,-7.66,78818932,12615881,$GNGSA,A,3,14,,01,21
68273,999.70,13.96,997.90,13.42,1.2163,-2.6623,-8.8370,-33.7,28.0,9.4,105.9,-11.7,164.1,0.00,-8.62,9.10,78818932,12615881,,10,,,,,,,,6,1
68293,998.90,13.96,997.00,13.42,1.3300,-2.3307,-9.2883,-40.6,30.2,7.9,115.5,-33.3,167.7,4.31,-7.66,-6.22,78818932,12615881,.80,4.29*1E6,GSA,A,
68313,997.20,15.08,995.20,14.53,1.6137,-2.0818,-9.7863,-44.9,23.0,3.5,113.1,-30.9,164.1,5.75,-6.70,5.75,78818932,12615881,3,78,68,,,,,,,
68333,998.30,15.08,995.30,14.53,1.8004,-1.8711,-10.1550,-45.6,11.0,-0.8,103.5,-42.9,167.1,1.44,-1.92,0.00,78818932,12615881,,,4.66,1.80,4.*1F
68353,997.70,15.08,995.90,14.53,1.8759,-1.7980,-10.2986,-44.2,4.9,-4.0,98.7,-45.3,167.7,8.62,-5.75,-4.31,78818932,12615881,
68373,997.50,15.08,995.70,14.53,2.1189,-1.6269,-10.4890,-40.2,1.5,-4.3,96.3,-57.3,168.3,1.92,-1.92,-1.44,78818932,12615881,229,25,03,,,10,2
68393,998.50,15.08,995.80,14.53,2.1416,-1.4413,-10.4866,-33.2,-1.1,-2.3,98.7,-52.5,172.5,7.66,-0.96,7.18,78818932,12615881,6,077,31,14,27
68413,998.20,15.08,995.50,14.53,2.2027,-1.4281,-10.4578,-24.6,0.4,-2.0,91.5,-78.9,170.1,-0.96,-8.62,-1.92,78818932,12615881,4,32*4A1,$GPGS3,2,1
68433,997.90,15.08,995.50,14.53,2.2829,-1.3288,-10.3393,-16.4,2.6,-1.8,96.3,-71.7,170.7,8.62,1.44,5.75,78818932,12615881,0,17,36,301,,21,5
68453,996.90,15.08,995.70,14.53,2.3284,-1.3467,-10.1274,-9.6,4.0,-1.5,91.5,-62.1,168.9,6.22,-3.35,6.70,78818932,12615881,6,184,29,22,0,2
68473,997.90,15.08,995.40,14.53,2.4995,-1.3252,-10.1334,-5.7,2.3,-3.4,67.5,-62.1,172.5,-0.96,-3.83,1.92,78818932,12615881,4,,,20*7A22$GV,3,3
68493,997.80,15.08,995.70,14.53,2.6001,-1.4126,-10.1502,-4.4,-4.3,-5.6,62.7,-59.7,168.3,-1.44,-7.66,-8.14,78818932,12615881,,10,28,,,32,,,
68513,998.70,15.08,995.90,14.53,2.5223,-1.4664,-10.2555,-5.3,-11.3,-6.5,55.5,-57.3,165.3,4.79,-8.14,-1.92,78818932,12615881,33*728,$GLGSV,1,03,
68533,997.30,15.08,995.90,14.53,2.3152,-1.4569,-10.1502,-5.0,-13.5,-5.4,43.5,-71.7,166.5,-1.92,-1.92,1.92,78818932,12615881,68,28,042,308,22,
68553,998.00,15.08,995.80,14.53,2.1440,-1.4796,-10.1370,-2.0,-12.1,-4.7,45.9,-57.3,159.9,-0.48,-3.35,8.14,78818932,12615881,046,26,,,,328,$
68573,997.10,15.08,995.40,14.53,1.9465,-1.5622,-10.0640,1.7,-10.0,-3.6,33.9,-71.7,161.7,-0.96,-5.27,-4.31,78818932,12615881,GNGLL,7849.13,N,01
68593,998.40,15.08,995.50,14.53,1.8531,-1.5670,-9.9587,4.7,-6.5,-2.8,19.5,-54.9,164.7,-0.48,4.79,10.06,78818932,12615881,236.95287,E,2106.
68613,997.00,15.08,994.90,14.53,1.8328,-1.6173,-9.9299,7.8,-5.0,-4.6,21.9,-66.9,163.5,-1.92,-5.75,8.14,78818932,12615881,00,A,A*78,E
68633,997.40,15.08,995.10,14.53,1.8423,-1.5323,-9.9946,11.6,-5.8,-7.7,-2.1,-64.5,151.5,2.39,-0.48,0.96,78818932,12615881,
68653,998.10,15.08,995.60,14.53,1.8088,-1.5610,-10.0197,14.5,-8.0,-10.6,-6.9,-69.3,155.7,0.48,-8.62,-1.44,78818932,12615881,
68673,996.80,15.08,995.80,14.53,1.7980,-1.6245,-9.9156,18.0,-7.5,-12.8,-11.7,-57.3,157.5,4.31,2.87,-2.87,78818932,12615881,
68693,997.30,15.08,995.20,14.53,1.8328,-1.7358,-9.7827,20.9,-4.3,-11.9,-4.5,-71.7,156.3,-3.83,-8.62,7.66,78818932,12615881,
68713,997.70,15.08,995.40,14.53,1.8531,-1.7729,-9.6642,22.9,-2.4,-10.5,-9.3,-66.9,149.7,4.31,-1.92,6.22,78818932,12615881,
68733,998.40,15.08,995.70,14.53,1.9297,-1.7956,-9.6031,23.8,-3.1,-11.7,-28.5,-69.3,145.5,-0.48,-8.62,11.01,78818932,12615881,
68753,998.30,15.08,996.00,14.53,1.9213,-1.8411,-9.5624,23.7,-5.4,-14.5,-18.9,-71.7,146.1,2.39,5.75,10.06,78818932,12615881,
68773,997.70,15.08,995.30,14.53,1.9417,-2.0147,-9.5085,22.6,-4.1,-16.6,-14.1,-64.5,144.9,3.83,-6.22,4.79,78818932,12615881,
68793,997.50,15.08,995.50,14.53,1.9908,-2.1392,-9.3876,21.1,-1.4,-15.2,-6.9,-59.7,152.1,3.35,-4.79,-2.39,78818932,12615881,
68813,998.00,15.08,995.20,14.53,1.9848,-2.3403,-9.3098,18.6,0.3,-12.4,-2.1,-54.9,149.1,2.39,2.39,5.75,78818932,12615881,
68833,997.10,15.08,995.60,14.53,1.9453,-2.4948,-9.2691,14.8,-1.1,-10.3,-11.7,-47.7,144.9,-0.96,-0.48,-9.58,78818932,12615881,
68853,997.20,15.08,996.30,14.53,1.8854,-2.4062,-9.2619,9.9,-1.7,-9.5,5.1,-52.5,150.9,1.44,5.75,3.83,78818932,12615881,
68873,998.30,15.08,996.20,14.53,1.8770,-2.3978,-9.3170,7.3,-2.0,-9.4,9.9,-54.9,146.7,3.83,-0.48,25.38,78818932,12615881,
68893,997.80,15.08,995.70,14.53,1.9118,-2.3272,-9.3876,4.8,-3.2,-9.8,21.9,-59.7,138.9,-1.92,-11.49,-1.44,78818932,12615881,
68913,997.50,15.08,995.90,14.53,1.9130,-2.3140,-9.3805,3.9,-2.9,-7.9,33.9,-57.3,147.3,-0.48,-3.35,-3.83,78818932,12615881,
68933,998.80,15.08,995.20,14.53,1.8639,-2.3750,-9.3769,3.4,-4.1,-5.5,26.7,-66.9,144.3,2.39,-7.18,12.93,78818932,12615881,
68953,998.30,15.08,994.70,14.53,1.7609,-2.4684,-9.2727,1.6,-6.8,-4.4,31.5,-59.7,146.7,-0.48,-2.39,-7.66,78818932,12615881,
68973,998.30,15.08,995.50,14.53,1.6723,-2.5103,-9.2919,-2.2,-8.0,-4.2,21.9,-62.1,146.7,4.31,-8.62,-10.53,78818932,12615881,
68993,998.10,15.08,996.00,14.53,1.6975,-2.4133,-9.3134,-5.7,-6.0,-3.3,24.3,-59.7,144.9,1.44,-3.35,9.10,78818932,12615881,
69013,997.60,15.08,996.00,14.53,1.7346,-2.2685,-9.4439,-6.2,-2.1,-2.6,41.1,-62.1,143.1,1.44,-6.22,9.10,78818932,12615881,
69033,997.40,15.08,995.60,14.53,1.7885,-2.1883,-9.5457,-4.8,0.2,-3.6,29.1,-71.7,148.5,6.22,-3.83,13.41,78818932,12615881,
69053,997.30,15.08,995.90,14.53,1.7585,-2.1524,-9.6474,-3.1,0.1,-4.6,31.5,-71.7,143.7,0.48,-0.48,15.32,78818932,12615881,
69073,997.10,15.08,995.70,14.53,1.7178,-2.2230,-9.6989,-2.9,-0.7,-4.5,38.7,-81.3,140.7,0.00,-2.87,0.00,78818932,12615881,$GNRMC,132107.
69093,996.80,15.08,995.90,14.53,1.6807,-2.2865,-9.6618,-2.5,-2.9,-3.4,12.3,-78.9,142.5,-0.48,2.39,-4.31,78818932,12615881,,A,7849.13594,N,03
69113,997.10,15.08,995.20,14.53,1.5754,-2.3272,-9.6091,-2.2,-4.6,-2.0,33.9,-81.3,150.3,-0.48,-0.96,-2.39,78818932,12615881,6.95293,E,0.048,
69133,998.20,15.08,995.40,14.53,1.5059,-2.3284,-9.5696,-3.4,-5.6,-1.6,17.1,-83.7,148.5,1.44,-4.79,5.27,78818932,12615881,0721,,,A*69.0$GN
69153,997.70,15.08,995.90,14.53,1.4425,-2.2996,-9.5457,-3.8,-4.0,-2.7,17.1,-71.7,141.3,-0.48,-2.39,11.97,78818932,12615881,,,T,,M,0.048,N,0
69173,997.90,15.08,995.60,14.53,1.4952,-2.2422,-9.6342,-2.8,-0.2,-4.3,7.5,-78.9,146.7,1.92,-9.10,0.96,78818932,12615881,9,K,A*30.0$GNGGA,2
69193,999.10,15.08,995.60,14.53,1.6328,-2.2661,-9.6845,-0.7,1.7,-4.3,38.7,-86.1,151.5,-0.96,-11.01,3.83,78818932,12615881,107.00,7849.1359N
69213,998.20,15.08,995.80,14.53,1.6664,-2.4038,-9.6630,-0.4,1.1,-1.8,14.7,-76.5,144.9,3.35,5.75,10.06,78818932,12615881,,01236.95293,E,1
69233,997.80,15.08,995.40,14.53,1.6711,-2.4133,-9.6295,-2.3,-1.4,-0.5,29.1,-81.3,147.9,1.44,4.79,6.70,78818932,12615881,,1.80,198.4,M,34
69253,997.10,15.08,996.10,14.53,1.6089,-2.3068,-9.6199,-3.7,-2.5,-1.2,5.1,-78.9,150.3,-5.75,-0.48,8.62,78818932,12615881,M,,*4019$GNGSA,A
69273,997.20,15.08,995.50,14.53,1.6460,-2.2098,-9.6702,-3.8,-1.1,-1.7,36.3,-69.3,153.3,-1.92,2.87,19.15,78818932,12615881,14,17,01,21,10,,,,
69293,997.80,15.08,995.20,14.53,1.6759,-2.1392,-9.7252,-3.0,0.9,-1.0,33.9,-76.5,144.3,4.31,-9.10,5.75,78818932,12615881,,,4.66,1.80,4.29E
69313,997.70,15.15,995.10,14.59,1.7370,-2.0746,-9.7671,-2.0,1.2,-1.4,29.1,-78.9,146.1,-0.48,1.44,-4.31,78818932,12615881,
69333,997.10,15.15,995.20,14.59,1.7693,-2.0590,-9.8162,-2.0,-1.4,-1.4,38.7,-78.9,149.1,-0.48,0.00,11.01,78818932,12615881,,,,,,,,,,,4.66,1
69353,997.60,15.15,995.70,14.59,1.7466,-2.0638,-9.7875,-1.5,-3.4,-0.7,45.9,-76.5,146.1,0.96,1.44,-0.96,78818932,12615881,,4.29*1F,,$GPGSV,
69373,998.00,15.15,995.90,14.59,1.7095,-2.0937,-9.7563,-0.5,-3.4,-0.3,26.7,-69.3,143.7,1.92,-6.22,6.70,78818932,12615881,1,09,01,56,229,230
69393,997.40,15.15,995.40,14.59,1.6939,-2.0446,-9.6941,-0.4,-2.1,0.6,31.5,-86.1,149.7,1.92,1.44,11.01,78818932,12615881,,26,077,34,14,287
69413,998.00,15.15,995.00,14.59,1.6652,-2.0554,-9.6833,-0.4,-1.5,-0.3,45.9,-66.9,153.9,-2.39,-2.87,4.79,78818932,12615881,4,33,17,36,301,3
69433,997.30,15.15,995.40,14.59,1.6592,-2.0674,-9.6737,0.3,0.1,-0.4,48.3,-66.9,148.5,-2.87,-2.39,14.37,78818932,12615881,3,3$GPGSV,3,2,09
69453,997.90,15.15,995.30,14.59,1.6424,-2.1153,-9.6558,1.0,1.1,0.1,48.3,-86.1,151.5,-2.39,-1.92,5.75,78818932,12615881,,56,184,29,22,,,1
69473,998.20,15.15,995.70,14.59,1.6951,-2.1679,-9.6666,0.6,0.3,0.2,41.1,-69.3,162.3,0.96,5.75,-2.39,78818932,12615881,24,,,21,28,,,34*4
69493,997.60,15.15,995.50,14.59,1.6987,-2.1847,-9.6821,0.1,-1.7,1.2,36.3,-52.5,158.7,2.87,0.96,-4.79,78818932,12615881,$GPGSV,3,3,09,32,
69513,997.70,15.15,995.60,14.59,1.6304,-2.2517,-9.6749,-0.2,-3.7,1.6,43.5,-71.7,152.7,-8.14,6.70,9.10,78818932,12615881,34*76V,$GLGSV,1,
69533,997.30,15.15,995.60,14.59,1.6304,-2.2613,-9.6905,-0.2,-4.0,1.5,62.7,-78.9,155.7,7.18,0.48,-6.22,78818932,12615881,3,68,28,042,29,7
69553,997.70,15.15,995.90,14.59,1.6412,-2.2733,-9.6857,-0.8,-4.3,1.8,41.1,-66.9,164.1,-1.44,-0.48,5.27,78818932,12615881,2,046,25,,,,31*67$
69573,997.40,15.15,995.80,14.59,1.5826,-2.2146,-9.7061,-0.7,-4.1,1.3,33.9,-66.9,152.7,-1.92,1.92,-2.39,78818932,12615881,GNGLL,7849.13594,
69593,998.50,15.15,995.90,14.59,1.5682,-2.2206,-9.7001,-0.0,-3.0,0.7,60.3,-71.7,155.1,6.22,-0.48,9.10,78818932,12615881,01236.95293,E,13
69613,997.50,15.15,995.90,14.59,1.5754,-2.2051,-9.6498,0.7,-0.9,0.8,74.7,-62.1,164.7,-0.48,6.22,-6.70,78818932,12615881,7.00,A,A*7B,E
69633,997.30,15.15,995.90,14.59,1.5945,-2.1584,-9.6498,0.7,0.0,1.0,60.3,-81.3,159.3,0.48,0.00,3.83,78818932,12615881,
69653,997.80,15.15,996.00,14.59,1.6089,-2.1775,-9.5600,1.0,-1.6,0.4,69.9,-74.1,161.7,0.48,0.96,9.10,78818932,12615881,
69673,997.80,15.15,995.20,14.59,1.5203,-2.2302,-9.5205,-0.1,-1.8,0.5,65.1,-83.7,162.3,3.35,1.44,0.48,78818932,12615881,
69693,997.40,15.15,995.40,14.59,1.5143,-2.1440,-9.5121,-1.4,-0.9,0.2,60.3,-64.5,158.7,5.75,-2.87,6.70,78818932,12615881,
69713,997.80,15.15,995.60,14.59,1.5562,-2.0722,-9.5600,-1.4,-0.6,-0.6,57.9,-64.5,159.9,-1.92,10.06,4.79,78818932,12615881,
69733,997.90,15.15,996.10,14.59,1.5490,-2.0973,-9.6259,-0.7,-0.8,-1.0,62.7,-74.1,155.1,-0.48,-4.79,5.27,78818932,12615881,
69753,998.30,15.15,995.60,14.59,1.5682,-2.1835,-9.6271,-0.3,-0.6,-1.1,65.1,-83.7,164.7,0.96,-3.83,6.22,78818932,12615881,
69773,998.20,15.15,995.70,14.59,1.5802,-2.2051,-9.6163,-0.7,-0.0,-0.5,62.7,-78.9,166.5,-0.48,-1.44,11.01,78818932,12615881,
69793,998.40,15.15,995.30,14.59,1.5622,-2.2158,-9.6606,-0.8,-0.5,-0.6,60.3,-71.7,167.7,-0.48,-1.92,-1.92,78818932,12615881,
69813,996.80,15.15,995.80,14.59,1.5131,-2.2194,-9.6342,-0.9,-0.8,-0.5,57.9,-59.7,159.3,4.31,-0.48,0.00,78818932,12615881,
69833,997.90,15.15,995.70,14.59,1.4724,-2.2278,-9.6450,-1.2,-0.2,-0.3,50.7,-54.9,160.5,1.92,0.96,-1.44,78818932,12615881,
69853,996.90,15.15,995.50,14.59,1.4485,-2.2146,-9.6630,-1.0,-0.2,-0.4,36.3,-54.9,153.3,0.96,-8.14,2.39,78818932,12615881,
69873,998.00,15.15,995.60,14.59,1.4844,-2.2470,-9.6402,-0.5,-0.6,-0.6,36.3,-57.3,153.3,4.31,-5.27,0.00,78818932,12615881,
69893,997.90,15.15,995.60,14.59,1.5095,-2.2290,-9.6630,-1.1,-0.9,-0.2,19.5,-38.1,162.3,-0.96,-7.18,18.20,78818932,12615881,
69913,997.60,15.15,996.00,14.59,1.5239,-2.1943,-9.6558,-2.0,-1.4,-0.1,0.3,-52.5,150.9,-1.92,-5.27,0.96,78818932,12615881,
69933,997.50,15.15,995.60,14.59,1.4964,-2.1751,-9.6749,-2.1,-2.0,-0.7,-9.3,-38.1,149.7,2.87,-0.48,0.48,78818932,12615881,
69953,997.80,15.15,995.70,14.59,1.4736,-2.1536,-9.6318,-2.5,-1.5,-1.0,-6.9,-40.5,155.7,0.00,-7.18,7.18,78818932,12615881,
69973,997.00,15.15,995.40,14.59,1.4832,-2.1237,-9.6426,-2.5,-0.4,-1.7,-11.7,-50.1,144.3,3.35,-0.48,2.87,78818932,12615881,
69993,997.60,15.15,995.00,14.59,1.4844,-2.1237,-9.6259,-1.4,1.1,-2.5,-16.5,-45.3,150.3,-0.48,-0.96,7.66,78818932,12615881,
70013,997.80,15.15,995.20,14.59,1.5407,-2.1859,-9.5935,-0.7,2.4,-2.4,-28.5,-35.7,146.1,0.96,-1.44,-1.44,78818932,12615881,
70033,998.10,15.15,995.80,14.59,1.5467,-2.2254,-9.5361,-2.0,2.3,-1.7,-23.7,-50.1,148.5,-0.48,-0.48,11.49,78818932,12615881,
70053,998.10,15.15,995.60,14.59,1.5598,-2.2074,-9.5385,-4.0,3.3,-1.4,-33.3,-42.9,145.5,-0.48,-4.79,5.27,78818932,12615881,$G
70073,998.20,15.15,995.00,14.59,1.7107,-2.0901,-9.6151,-5.1,3.9,-0.4,-57.3,-50.1,139.5,-2.39,3.83,-6.22,78818932,12615881,RMC,132108.00,A,79
70093,997.90,15.15,995.10,14.59,1.7346,-1.9908,-9.6845,-4.6,1.6,0.5,-54.9,-64.5,146.1,1.92,2.39,5.75,78818932,12615881,.13608,N,01236.91
70113,997.70,15.15,995.10,14.59,1.6652,-1.9752,-9.7420,-4.5,-0.6,1.2,-52.5,-54.9,151.5,5.75,-15.80,-3.83,78818932,12615881,1,E,0.135,,21072
70133,997.40,15.15,995.50,14.59,1.5443,-2.0135,-9.7528,-4.4,-0.5,0.8,-59.7,-62.1,144.9,2.39,-0.96,-0.96,78818932,12615881,,A*60.1$GNVTG,,T
70153,997.90,15.15,995.60,14.59,1.5251,-1.9357,-9.7767,-4.6,1.0,-0.3,-76.5,-66.9,146.1,1.44,-8.14,9.58,78818932,12615881,,0.135,N,0.250,K
70173,998.30,15.15,995.70,14.59,1.5610,-1.9010,-9.7803,-3.8,1.9,-1.2,-76.5,-69.3,145.5,5.27,-0.48,21.07,78818932,12615881,3D.1$GNGGA,1321080
70193,997.70,15.15,995.20,14.59,1.5897,-1.9058,-9.7911,-2.9,2.5,-1.5,-74.1,-83.7,144.9,-5.27,-4.79,11.01,78818932,12615881,,7849.13608,N,016
70213,997.70,15.15,995.60,14.59,1.6735,-1.9453,-9.7959,-1.2,3.8,-1.6,-78.9,-83.7,146.1,-0.48,-0.48,9.10,78818932,12615881,.95311,E,1,07,1.
70233,997.60,15.15,995.50,14.59,1.7382,-1.9848,-9.7240,-0.5,3.3,-0.4,-86.1,-74.1,143.1,-0.48,-8.62,8.62,78818932,12615881,198.9,M,34.3,M,,
70253,997.50,15.15,995.60,14.59,1.7107,-2.0422,-9.6678,-0.7,1.3,0.6,-71.7,-69.3,144.3,-4.31,-1.44,-8.14,78818932,12615881,
70273,997.60,15.15,995.50,14.59,1.6616,-2.1045,-9.5864,-1.5,0.9,0.8,-95.7,-69.3,151.5,1.44,-11.01,11.01,78818932,12615881,01,21,10,,,,,,,,45
70293,997.70,15.15,995.20,14.59,1.6544,-2.0925,-9.6211,-2.3,2.1,1.1,-81.3,-62.1,145.5,-1.44,-0.48,0.96,78818932,12615881,,1.80,4.29*1D,,$G
70313,997.70,15.18,995.10,14.63,1.6424,-2.0171,-9.6582,-3.5,1.9,2.0,-64.5,-74.1,145.5,-0.96,5.27,9.58,78818932,12615881,SA,A,3,78,68,,,,
70333,996.80,15.18,995.20,14.63,1.6496,-1.9956,-9.6570,-3.7,0.2,1.8,-71.7,-74.1,143.1,5.75,-2.87,4.79,78818932,12615881,,,,,4.65,1.80,4.
70353,998.40,15.18,995.10,14.63,1.6125,-1.9908,-9.6390,-4.3,-0.6,1.4,-69.3,-66.9,150.9,5.27,-2.87,2.87,78818932,12615881,1C,,$GPGSV,3,1,09
70373,997.20,15.18,995.30,14.63,1.6185,-1.9537,-9.6247,-5.1,-0.1,1.9,-81.3,-78.9,148.5,4.79,-10.06,5.75,78818932,12615881,1,56,229,30,10,267
70393,997.30,15.18,995.80,14.63,1.6328,-1.8818,-9.6690,-5.9,0.5,3.1,-69.3,-74.1,146.7,-0.48,-1.44,0.00,78818932,12615881,7,42,14,28,274,41
70413,997.00,15.18,995.30,14.63,1.5945,-1.7801,-9.7037,-4.9,0.1,2.8,-74.1,-74.1,148.5,1.44,-1.92,-7.66,78818932,12615881,7,36,301,39*78,4
70433,997.50,15.18,995.40,14.63,1.6101,-1.8375,-9.6953,-4.2,0.2,2.3,-69.3,-62.1,151.5,-4.31,-5.75,7.66,78818932,12615881,GSV,3,2,09,21,56
70453,997.60,15.18,995.10,14.63,1.5826,-1.8735,-9.6103,-3.5,0.3,2.5,-74.1,-74.1,150.9,-5.27,1.44,9.58,78818932,12615881,4,29,22,,,28,24,,4
70473,998.10,15.18,995.10,14.63,1.5215,-2.0099,-9.5804,-4.4,0.1,3.9,-76.5,-76.5,152.7,2.39,-5.75,6.22,78818932,12615881,,28,,,40*438,$GPV
70493,998.30,15.18,995.80,14.63,1.5359,-1.9896,-9.6402,-6.5,0.3,4.7,-90.9,-74.1,148.5,3.83,-1.92,-14.84,78818932,12615881,,3,3,09,32,,,41*
70513,998.70,15.18,995.70,14.63,1.5850,-1.8435,-9.6522,-8.8,-1.6,3.9,-90.9,-78.9,152.7,4.79,-4.79,11.01,78818932,12615881,
70533,996.80,15.18,996.00,14.63,1.5514,-1.7837,-9.6546,-9.6,-2.7,3.4,-86.1,-81.3,142.5,-2.39,-10.06,6.22,78818932,12615881,8,042,31,78,22,0
70553,996.80,15.18,995.10,14.63,1.5287,-1.7502,-9.6103,-8.7,-1.1,4.0,-83.7,-81.3,152.1,-0.96,-6.22,2.87,78818932,12615881,27,,,,34*69,2$GNG,
70573,997.30,15.18,995.60,14.63,1.5490,-1.6592,-9.7623,-7.7,0.4,4.7,-78.9,-88.5,146.1,-2.87,4.31,3.35,78818932,12615881,7849.13608,N,012.
70593,997.40,15.18,995.80,14.63,1.4880,-1.7633,-9.8713,-7.7,-1.0,4.7,-100.5,-81.3,149.7,-0.48,-1.44,-9.10,78818932,12615881,95311,E,132108.0
70613,996.70,15.18,995.10,14.63,1.4629,-1.6759,-9.8749,-7.4,-1.2,3.8,-93.3,-95.7,149.7,-0.48,1.44,-10.06,78818932,12615881,,A*79,E
70633,997.00,15.18,995.50,14.63,1.4904,-1.6903,-9.7647,-6.3,1.2,2.9,-81.3,-100.5,148.5,6.70,-4.31,-3.83,78818932,12615881,
70653,998.70,15.18,995.30,14.63,1.5622,-1.7178,-9.8234,-5.0,1.9,3.2,-83.7,-105.3,144.9,-0.48,2.39,0.00,78818932,12615881,
70673,997.60,15.18,995.80,14.63,1.5622,-1.7238,-9.7468,-4.8,1.6,4.2,-100.5,-100.5,149.1,-3.35,-3.35,7.18,78818932,12615881,
70693,998.00,15.18,995.60,14.63,1.5059,-1.7585,-9.7420,-5.4,1.5,4.0,-100.5,-105.3,145.5,5.27,-4.31,0.96,78818932,12615881,
70713,997.90,15.18,995.20,14.63,1.5359,-1.7166,-9.7240,-6.5,1.8,2.7,-114.9,-102.9,140.1,8.14,-12.45,6.70,78818932,12615881,
70733,997.00,15.18,995.50,14.63,1.5335,-1.6544,-9.7312,-6.7,2.2,1.9,-117.3,-100.5,146.7,-1.44,4.79,10.06,78818932,12615881,
70753,997.90,15.18,995.50,14.63,1.5826,-1.6400,-9.7420,-6.6,3.7,2.5,-131.7,-100.5,145.5,-0.48,-2.39,-1.44,78818932,12615881,
70773,998.10,15.18,996.00,14.63,1.6209,-1.6592,-9.8054,-5.8,3.3,3.2,-119.7,-102.9,145.5,-2.39,0.96,-13.89,78818932,12615881,
70793,997.50,15.18,995.60,14.63,1.6927,-1.5694,-9.7719,-6.1,2.0,3.7,-138.9,-107.7,145.5,6.70,-8.62,0.48,78818932,12615881,
70813,997.10,15.18,995.40,14.63,1.5993,-1.5383,-9.8126,-6.8,-0.0,3.5,-131.7,-117.3,146.7,-6.22,-5.75,-4.31,78818932,12615881,
70833,997.20,15.18,995.10,14.63,1.5957,-1.5682,-9.8521,-6.8,-0.7,3.4,-136.5,-105.3,149.7,3.83,-13.89,13.41,78818932,12615881,
70853,997.80,15.18,995.40,14.63,1.5478,-1.4952,-9.8904,-6.3,-1.0,2.7,-155.7,-119.7,141.3,-0.48,-4.31,2.87,78818932,12615881,
70873,997.70,15.18,995.40,14.63,1.5263,-1.3982,-9.9204,-5.0,-0.5,2.6,-160.5,-119.7,144.3,0.48,-6.70,-2.87,78818932,12615881,
70893,997.30,15.18,994.60,14.63,1.5095,-1.4114,-9.9048,-3.4,-0.1,2.4,-153.3,-124.5,148.5,5.27,1.44,-0.96,78818932,12615881,
70913,997.00,15.18,995.20,14.63,1.5323,-1.4006,-9.9395,-1.8,0.1,1.7,-167.7,-131.7,144.9,8.14,1.44,16.76,78818932,12615881,
70933,997.60,15.18,995.50,14.63,1.5706,-1.3946,-9.9275,-1.1,0.0,1.0,-153.3,-129.3,141.9,-0.48,-11.01,-1.44,78818932,12615881,
70953,997.60,15.18,994.90,14.63,1.5443,-1.3982,-9.9563,-0.7,-0.5,0.5,-174.9,-141.3,145.5,2.87,2.39,4.79,78818932,12615881,
70973,997.80,15.18,994.70,14.63,1.5634,-1.4186,-9.9634,0.2,-0.9,-0.0,-160.5,-122.1,135.9,-2.39,0.96,-8.62,78818932,12615881,
70993,997.00,15.18,995.30,14.63,1.5574,-1.4688,-9.9048,0.9,-1.4,0.1,-186.9,-141.3,137.1,1.44,-7.18,11.01,78818932,12615881,
